<?xml version="1.0"?>
<opencv_storage>
<comment>"lisa was trained 14.01.2013&#x0a;in 13:48 o&apos;clock with error 0.00119&#x0a;31 inputs, 31 hidden neurons and 4 outputs&#x0a;"</comment>
<nl>2</nl>
<nl0 type_id="opencv-matrix">
  <rows>30</rows>
  <cols>32</cols>
  <dt>d</dt>
  <data>
    1.7987323593608480e+01 5.1278407715869478e-01
    -3.2091282156525850e+01 1.3123844893712370e+01
    -3.2258795631058135e+00 2.7208025700144716e+00
    -7.9122300966603003e+00 -5.0863765981994487e+00
    -1.0107990146813493e+00 3.0690212699214342e+01
    -5.7056514619234298e+00 -1.7957748931674125e+01
    -4.7917553308103535e+00 -1.5897964451753257e+00
    -1.4580235660353917e+00 -2.7875773551816019e-01
    5.6840266280642524e+00 -1.7502434552001446e+01
    -2.0665799613112270e+01 -8.7820413663538375e+00
    8.1489845754032171e+00 2.6185370812309859e+01 1.8036344942360234e+01
    4.7356789293296000e+00 -3.7142103130512076e+00
    -1.0276253058184722e+01 -1.1200803834382624e+01
    -7.6802253375376139e+00 -1.8222383217123781e+00
    2.4235904434143896e+00 -1.4859197274360243e+01
    -1.6121498560320898e+01 -1.1023530565022710e+01
    -1.3047532252478211e+00 8.8976324747223607e+00
    4.0425323538922058e+00 3.3973821815144962e+00 1.2107850777433228e+01
    -1.4297378121565487e+01 -2.7381128435390981e+01
    -9.6984259042520531e+00 2.2785532251638088e+01
    2.3017053088559674e+01 1.3818528032764227e+01 2.1143544925353064e+00
    -1.7900942928046113e+00 -9.6086446782586830e+00
    -2.5887110212765219e-01 -3.6905574811812553e-01
    -5.7165107998065023e+00 -3.3357286802866435e+00
    4.5770371908178697e-01 7.5970683518591917e+00 8.5381175258758208e+00
    1.5599725648672464e+01 1.5751372393433396e+00 3.0526715551078500e+00
    -1.8182207507252546e+00 -1.9860170845476488e+00
    -4.3669815522060258e+00 -7.2612651802861639e-01
    -3.1251418033462386e+00 -3.1946449552555350e+01
    1.5225180732776963e+01 3.7259542175082430e+01 2.8148463680884879e+00
    -3.3952957007311916e+01 -1.9512539013900849e+01
    -2.2974789143897496e+01 4.6274457756492513e+00
    3.1623213497000460e+01 5.7704474178223011e+00
    -1.2363055018044612e+01 -2.9518324842339851e+01
    2.1987409907502119e+01 1.1244699567656705e+01
    -5.0402099319814369e+00 1.1382142941419275e+01
    -2.0809143974396072e+01 -2.7606423794108637e-01
    4.0083694904203551e+00 -1.6847490597057554e+01
    -9.0062266048800339e+00 2.6366411285620617e-01
    9.6189007180955031e+00 1.9418044256663670e+01 2.6575433873182288e+01
    1.5182071399931394e+00 -2.7125366964780323e+01
    -2.9723075635225541e+01 -6.4646295744763034e+00
    -1.8684736274246851e+00 2.6571267703055161e+00
    7.4020304316575123e+00 -2.6021962948237132e+01
    -1.7504320555631974e+01 -2.3987765807456192e+01
    -6.2425412522867036e+00 3.5688569310340014e+01
    2.1801581046305117e+01 -7.6914616013876662e+00
    -1.2085450897712988e+01 -2.8899823123746302e+01
    1.9906860377450786e+00 4.1047044137159014e+00 1.1672548060083738e+01
    3.0677085525139791e+01 -1.7994279104395911e+01
    2.9981790982872134e+00 1.2632205928572828e+01
    -3.6691174180104582e+01 -4.1443285574877303e-01
    5.8228831926686491e+00 1.9893443977389737e+01 1.9569395281990964e+01
    5.3882206734041116e+00 -7.9380764656819194e+00
    -1.9216922773794273e+01 -2.6818833691320997e+01
    -2.9273051000377755e+01 -1.7568244881184487e+01
    -2.9289238238885340e+00 1.1810761651895044e+01
    1.5245438616765028e+01 6.8035477126489106e+00 7.9168359512046376e+00
    1.7397231553889050e+01 -1.2011943264119138e+01
    3.3428802263633195e+01 1.2366663650224391e+01
    -3.3494362415617431e+01 -5.2815821097236146e+01
    1.3709363701694748e+01 2.9808695304344319e+01
    -1.1623188560640367e+01 -8.7886626024615815e+00
    -1.7676701914864783e+01 -1.5274038301756640e+01
    1.5272219850366248e+01 5.1548783029812022e+01
    -2.3136734096682439e+00 -1.0820918001247390e+01
    -6.4448382321304187e+00 -1.8995102107988254e-01
    5.4720224084424709e+00 5.9773547464644476e+00
    -2.4640729839962576e+00 -3.3489617182035794e+00
    6.5731117255729954e+00 -4.2674067214874558e+00
    6.3192239550229461e+00 -2.8706329516431346e+00
    4.6389476519337363e+00 -1.3604053158441944e+00
    -5.4073485597800064e-01 -7.6711231697201443e+00
    -5.7534600360552313e+00 -3.6412367096470808e+00
    2.2539399987121108e+01 -3.8645590103431333e+00
    8.0281553454283792e+00 -1.7304585095816467e+00
    -2.3217601513638197e+01 -4.3960665727304118e+00
    2.8524142286192418e+00 6.5843146173345355e+00
    -1.1502390802991787e+00 4.4135787985670678e+00
    7.9219734873517620e+00 3.2225648262283784e+00 4.8387904802707258e+00
    -2.5902511239204840e+00 -7.6999190362228980e+00
    1.2318372262724433e+00 2.6985288585929208e+00 2.8712819506746168e-01
    -2.2442023153470203e-01 -1.0090066391771765e+01
    -8.7442741663662265e+00 -1.0726282608017343e+00
    6.1692192407541597e+00 9.2340152058148810e+00 7.6538127650689978e+00
    4.0503449267558898e+00 4.0139073864592767e+00
    -8.5957323597112383e-03 -2.1978255183415771e+00
    -2.4400137206235120e+00 -5.0121902960675246e+00
    -4.1258913381412619e+00 -7.3587955904518525e+00
    -8.8416886488922264e-01 -3.8173695095946497e-01
    1.1840287882827408e+01 2.1205069922645659e+01
    -2.0913910028834515e+00 1.1990704122737974e+01
    -3.6039912272786474e+01 -1.9548698169120026e+01
    -2.9429419163874448e+00 -1.6183999888045519e-01
    -6.8688121448155934e+00 -3.9728167083896460e+00
    1.4953164941825673e+01 -1.4726720917051759e+01
    -7.0284069350865352e-01 3.5725101080434186e+01
    3.4023635035391731e-01 -2.9728880641777495e+00
    2.4793469582504808e+00 2.1638362275615677e+00
    -2.2198010676733548e+00 -1.5902727439775250e+00
    2.9185012885223096e+00 7.7692997062707969e-01 3.9965073616980424e+00
    8.1269842526608382e+00 6.1226411491617663e+00
    -1.7740206790669646e+00 -4.4364937864793683e+00
    -3.8612116564185794e+00 -2.4388575469612356e-01
    -3.3669229778307319e+01 8.2963142509417747e+00
    1.4519011449592773e+01 -8.9645203438154226e+00
    -1.3712730609255026e+01 -4.8056721756132301e+00
    2.2156442684130170e+01 4.2625443054132734e+00
    -1.0114993532036538e+01 -1.2476892009749589e+01
    6.2724839811349808e-01 5.5444866033655482e-01
    -1.9590192972661740e+01 -2.1022654963537072e+01
    -7.6166939293336302e+00 -1.6397496768529628e+01
    4.0155968753006604e+01 -2.3245142248107653e-01
    -1.9100348141708370e+01 -1.0389741645928330e+01
    -2.6945480243662971e+00 4.9571748320536413e+00
    1.1413545148773535e+01 1.1539117887508068e+01 3.0412413575944637e+00
    -9.3356083097471085e+00 -2.5493766840932494e+01
    -1.0400269614162097e+01 5.2196745802102198e+00
    1.2062714361436237e+01 2.7814294213105493e+00
    -4.3219304510457057e+00 6.5051639927237659e+01
    -3.1357958023492568e+01 -3.7192059772862194e+01
    -1.9905786083131833e+01 4.5909562847039762e+00
    2.9815315621767013e+01 4.1402479928108846e+01 4.8546858207170196e+01
    -1.1274633439949769e+01 -4.7106844201625879e+00
    4.9432519573996485e+00 -3.0228496560151781e+00
    3.9381397758602259e+00 -4.3231968490145704e+01
    -4.9723925335821910e+01 1.1847157491804571e+01
    -1.9708041444093464e+01 -2.1150672655157127e-01
    -7.2258150824762901e-01 2.6571491759694091e+01
    3.6427830812014079e+01 -1.2712170563480525e+01
    -1.5190040995952238e+01 -1.1262985001876208e+01
    -1.3869016739852299e+01 -3.9766641372459439e+01
    -2.6375044238659257e+01 6.8157174401254372e-01
    7.8974406736154226e+00 4.3585995520775231e+00
    -4.0798343817049512e+00 5.0961884482653561e+00
    -5.2235946814658782e+01 -4.1866650074208110e+01
    2.0576335419273121e+01 -2.3411254795579872e+01
    -2.3347118168782533e+01 -5.2509780566310305e+01
    1.3539440201376022e+01 1.2584376546737422e+01 2.8040104703776194e+01
    1.8173315426110502e+01 -2.1719349415455632e+01
    -4.0707669978688177e+00 -4.5704208700702387e-01
    3.4918354117748315e+01 4.2888313819911019e+00 1.1883024969668163e+01
